7
221
249
43
115
9
100
99
206
26
178
163
15
141
175
219
50
14
17
202
84
233
46
220
81
140
246
45
154
119
130
33
38
72
193
156
212
47
237
67
252
117
68
148
77
106
24
19
29
123
109
74
139
247
36
63
78
177
150
56
168
179
125
215
152
192
5
35
255
103
104
241
239
136
89
54
223
121
22
250
180
248
216
55
111
91
8
30
0
48
93
196
41
90
122
184
162
210
229
70
166
27
218
59
28
160
88
51
110
127
228
42
86
238
128
167
129
25
203
31
244
230
97
135
53
132
112
137
182
243
245
32
254
6
105
87
23
146
120
181
207
217
71
171
34
186
169
49
187
1
232
227
69
149
116
131
226
188
16
21
101
235
138
57
234
11
133
253
225
73
66
114
200
191
242
3
174
124
240
95
145
94
102
224
157
231
60
79
194
159
13
108
37
153
58
75
76
96
98
62
189
61
173
20
134
197
113
161
82
12
143
208
214
64
199
201
80
52
183
209
85
165
126
205
251
10
142
236
92
144
18
155
158
2
195
172
107
222
211
164
190
170
40
213
185
147
151
204
65
176
4
118
39
44
83
198
